
1480 
1700 0 
1120 1200 580 
1700 180 980 1200 
1520 1160 180 1200 1780 
1520 180 800 980 1600 1160 
1700 580 980 180 180 180 400 
1480 3120 0 1200 180 1160 180 580 
1300 1160 580 1200 1560 1160 760 180 1160 
1300 400 1160 400 1960 980 1380 180 400 1960 
1520 400 800 180 180 180 760 1780 400 180 180 
1700 1600 1160 1380 980 1160 1160 580 1600 580 1160 580 
560 290 400 400 890 690 670 0 290 1070 1070 180 600 
1520 980 400 400 1560 980 580 800 980 1380 1560 760 800 670 
900 580 1200 400 180 180 580 800 580 580 180 1200 0 380 180 
1520 1160 180 580 180 1160 180 800 1160 580 580 400 800 580 760 760 
1880 1160 800 180 580 800 400 2140 1160 180 400 980 800 200 800 400 800 
1480 0 1740 580 980 580 800 580 0 980 1160 400 760 800 800 980 580 400 
450 800 580 400 0 180 180 600 800 0 90 580 1070 0 400 200 0 600 290 
1480 980 760 1560 580 800 580 800 980 980 180 800 760 0 800 1600 980 580 1160 90 
960 200 670 580 600 200 400 90 200 200 400 90 600 200 600 400 490 90 90 290 290 
1880 1200 580 980 0 400 580 800 1200 800 580 800 1160 0 400 760 800 800 760 490 1160 0 
720 800 180 400 760 580 400 1160 800 180 580 580 980 0 980 180 400 1380 580 800 400 200 580 
1920 980 580 800 1560 1740 1160 180 980 1160 1160 180 1160 580 980 1160 1160 800 180 180 800 1000 400 580 
1120 800 580 1160 1200 1200 800 180 800 800 1200 180 800 600 1200 580 800 180 400 90 400 1070 580 180 800 
900 1200 580 1600 800 800 400 180 1200 1200 800 0 1200 1000 400 1160 800 180 980 490 800 780 1160 760 800 1560 
900 580 800 980 1160 400 800 980 580 580 400 1160 800 400 980 180 400 1160 1200 600 580 90 580 1160 0 760 580 
1520 400 580 180 180 0 180 1780 400 180 180 1560 400 180 1160 0 980 1380 580 400 580 90 800 1960 0 0 180 980 
1880 180 760 1160 980 800 800 800 180 580 180 1600 180 0 400 1200 580 180 760 90 1740 290 180 0 400 580 0 980 580 
1520 180 980 1160 800 580 1160 800 180 760 580 980 400 670 180 180 760 400 580 0 180 90 400 800 180 580 400 800 1960 1160 
1120 0 0 980 1560 1200 1200 980 0 400 580 1160 0 90 1160 760 580 980 400 0 1200 290 180 1160 980 760 180 1740 580 1600 400 
1700 0 3120 580 980 180 800 980 0 580 1160 800 1160 400 400 1200 180 800 1740 580 760 670 580 180 580 580 580 800 580 760 980 0 
1700 180 1380 1160 1160 400 1200 1600 180 580 400 1380 400 400 180 800 580 980 580 200 760 90 400 180 0 580 400 1160 1160 1740 1960 980 1380 
900 400 1200 1200 980 580 980 180 400 800 580 980 580 690 180 2760 580 180 1380 180 1200 400 580 180 1160 800 1560 800 180 1200 800 580 1200 800 
1700 180 1200 0 180 180 180 1160 180 0 0 1960 180 0 180 1600 400 760 800 180 800 0 400 1160 180 0 180 180 1960 1200 1600 180 1200 980 1960 
1880 800 1160 180 580 800 400 0 800 800 1160 800 580 690 980 1960 760 400 2140 90 1160 90 760 0 580 800 580 0 180 1160 180 180 1160 180 1960 1600 
720 580 400 800 1380 1160 1740 400 580 1560 1560 760 580 1360 760 1560 760 400 800 180 800 400 400 400 1740 800 1600 400 180 400 760 980 400 800 1560 180 580 
1520 180 980 800 1960 1160 1160 180 180 2140 2140 180 980 1360 1560 760 1160 0 980 0 400 1000 400 180 1740 1200 1200 400 180 400 760 580 980 400 980 0 580 1740 
900 580 1380 580 760 580 800 1160 580 180 580 1380 580 0 180 2400 0 980 980 600 1200 200 0 1160 580 180 400 180 180 1380 180 980 1380 1160 1600 1960 1600 800 180 
1920 980 760 1560 580 760 760 580 980 1160 180 400 760 90 400 580 760 0 1160 600 1160 490 980 580 1160 0 800 400 580 980 760 400 760 580 400 400 580 580 760 580 
1120 760 800 800 1600 1740 2140 400 760 1160 1780 760 1380 1070 1160 580 760 400 800 180 800 400 400 400 1160 1200 1200 400 180 400 760 800 800 800 580 180 400 2140 1560 800 180 
2100 800 1740 180 580 400 400 800 800 400 1160 800 980 290 980 1380 1160 800 760 380 760 670 180 0 980 980 180 0 580 1160 580 180 1740 980 980 1200 2140 180 580 1200 580 400 
1480 980 180 1200 1960 1600 980 0 980 1960 1740 180 180 670 1560 580 180 580 580 90 1160 200 580 400 1380 1200 800 580 180 1160 580 1380 180 580 980 0 1160 1560 1160 400 800 980 760 
1480 3120 0 1200 180 1160 180 580 3120 1160 400 400 1600 290 980 580 1160 1160 0 800 980 200 1200 800 980 800 1200 580 400 180 180 0 0 180 400 180 800 580 180 580 980 760 800 980 
850 490 200 180 400 400 180 580 490 800 800 400 180 400 800 0 200 380 400 0 180 0 380 90 0 800 490 0 490 200 400 0 200 400 90 580 800 400 400 90 380 400 600 800 490 
960 580 800 600 800 580 1070 0 580 670 980 180 1200 725 670 90 580 200 400 0 200 400 200 0 690 600 600 400 180 0 670 0 800 400 400 0 200 670 1070 0 90 1360 600 180 580 0 
1520 1160 180 1200 1780 3120 1160 180 1160 1160 980 180 1160 690 980 180 1160 800 580 180 800 200 400 580 1740 1200 800 400 0 800 580 1200 180 400 580 180 800 1160 1160 580 760 1740 400 1600 1160 400 580 
1300 0 1160 760 800 800 980 400 0 180 760 1380 180 180 180 800 180 800 760 90 760 90 580 800 400 580 0 800 1160 1740 1740 1200 1160 1160 1200 1600 1160 580 180 1380 180 580 760 1160 0 200 180 800 
1120 0 0 980 1560 1200 1200 980 0 400 580 1160 0 90 1160 760 580 980 400 0 1200 290 180 1160 980 760 180 1740 580 1600 400 3120 0 980 580 180 180 980 580 980 400 800 180 1380 0 0 0 1200 1200 
1880 580 980 980 980 800 400 980 580 580 180 980 580 0 800 180 0 1160 580 690 760 290 1160 980 400 760 180 1740 1200 1160 1200 1160 980 980 400 800 180 0 400 0 800 0 180 1160 580 200 0 800 980 1160 
960 580 800 600 800 580 1070 0 580 670 980 180 1200 725 670 90 580 200 400 0 200 400 200 0 690 600 600 400 180 0 670 0 800 400 400 0 200 670 1070 0 90 1360 600 180 580 0 1270 580 180 0 0 
1120 0 0 980 1560 1200 1200 980 0 400 580 1160 0 90 1160 760 580 980 400 0 1200 290 180 1160 980 760 180 1740 580 1600 400 3120 0 980 580 180 180 980 580 980 400 800 180 1380 0 0 0 1200 1200 3120 1160 0 
760 0 400 90 90 180 180 1000 0 0 0 670 180 0 490 200 800 600 600 380 400 0 0 490 180 90 0 690 890 490 490 490 400 780 180 670 0 180 0 380 600 180 600 0 0 200 0 180 90 490 200 0 490 
1700 580 980 180 180 180 400 3120 580 180 180 1780 580 0 800 800 800 2140 580 600 800 90 800 1160 180 180 180 980 1780 800 800 980 980 1600 180 1160 0 400 180 1160 580 400 800 0 580 580 0 180 400 980 980 0 980 1000 
760 400 380 580 490 490 580 490 400 90 490 400 670 0 0 0 200 600 90 445 180 290 380 890 490 90 490 0 400 200 400 400 380 400 0 400 0 400 90 890 870 400 290 400 400 380 0 490 600 400 200 0 400 200 490 
1880 580 580 180 0 180 180 1960 580 0 180 1560 760 0 800 0 800 1560 580 670 580 90 980 1600 180 180 0 980 2400 580 1600 580 580 800 180 1960 180 180 0 180 400 180 580 180 580 490 0 180 980 580 1560 0 580 980 1960 400 
