
111 
111 100 
121 15 15 
117 5 5 10 
123 6 6 13 25 
109 10 10 14 15 24 
108 15 15 16 11 2 1 
115 18 18 13 7 9 0 17 
112 24 24 25 15 10 14 17 17 
130 24 24 21 9 11 14 19 17 17 
125 21 21 24 13 17 18 27 10 21 25 
200 11 11 21 17 23 9 8 15 12 30 25 
130 24 24 21 9 11 14 19 17 17 100 25 30 
121 15 15 100 10 13 14 16 13 25 21 24 21 21 
130 24 24 21 9 11 14 19 17 17 100 25 30 100 21 
117 21 21 25 17 11 14 15 9 30 21 21 17 21 25 21 
110 9 9 17 9 4 8 7 25 23 11 13 10 11 17 11 11 
130 24 24 21 9 11 14 19 17 17 100 25 30 100 21 100 21 11 
130 24 24 21 9 11 14 19 17 17 100 25 30 100 21 100 21 11 100 
111 100 100 15 5 6 10 15 18 24 24 21 11 24 15 24 21 9 24 24 
125 21 21 24 13 17 18 27 10 21 25 100 25 25 24 25 21 13 25 25 21 
130 24 24 21 9 11 14 19 17 17 100 25 30 100 21 100 21 11 100 100 24 25 
114 13 13 13 9 13 16 9 14 7 9 10 14 9 13 9 7 24 9 9 13 10 9 
121 25 25 24 6 10 13 13 27 11 21 17 21 21 24 21 10 18 21 21 25 17 21 14 
125 14 14 17 11 7 10 9 16 7 25 30 25 25 17 25 8 17 25 25 14 30 25 18 24 
113 24 24 25 16 7 11 14 10 30 24 17 13 24 25 24 25 10 24 24 24 17 24 11 15 21 
130 24 24 21 9 11 14 19 17 17 100 25 30 100 21 100 21 11 100 100 24 25 100 9 21 25 24 
117 28 28 27 17 7 14 8 11 8 15 16 17 15 27 15 19 2 15 15 28 16 15 0 13 10 17 15 
125 14 14 17 11 7 10 9 16 7 25 30 25 25 17 25 8 17 25 25 14 30 25 18 24 100 21 25 10 
125 21 21 24 13 17 18 27 10 21 25 100 25 25 24 25 21 13 25 25 21 100 25 10 17 30 17 25 16 30 
139 1 1 14 11 20 5 8 24 10 14 11 39 14 14 14 6 15 14 14 1 11 14 21 12 14 18 14 10 14 11 
117 21 21 25 17 11 14 15 9 30 21 21 17 21 25 21 100 11 21 21 21 21 21 7 10 8 25 21 19 8 21 6 
121 15 15 100 10 13 14 16 13 25 21 24 21 21 100 21 25 17 21 21 15 24 21 13 24 17 25 21 27 17 24 14 25 
108 15 15 16 11 2 1 100 17 17 19 27 8 19 16 19 15 7 19 19 15 27 19 9 13 9 14 19 8 9 27 8 15 16 
200 11 11 21 17 23 9 8 15 12 30 25 100 30 21 30 17 10 30 30 11 25 30 14 21 25 13 30 17 25 25 39 17 21 8 
200 11 11 21 17 23 9 8 15 12 30 25 100 30 21 30 17 10 30 30 11 25 30 14 21 25 13 30 17 25 25 39 17 21 8 100 
125 21 21 24 13 17 18 27 10 21 25 100 25 25 24 25 21 13 25 25 21 100 25 10 17 30 17 25 16 30 100 11 21 24 27 25 25 
112 24 24 25 15 10 14 17 17 100 17 21 12 17 25 17 30 23 17 17 24 21 17 7 11 7 30 17 8 7 21 10 30 25 17 12 12 21 
130 24 24 21 9 11 14 19 17 17 100 25 30 100 21 100 21 11 100 100 24 25 100 9 21 25 24 100 15 25 25 14 21 21 19 30 30 25 17 
200 11 11 21 17 23 9 8 15 12 30 25 100 30 21 30 17 10 30 30 11 25 30 14 21 25 13 30 17 25 25 39 17 21 8 100 100 25 12 30 
125 21 21 24 13 17 18 27 10 21 25 100 25 25 24 25 21 13 25 25 21 100 25 10 17 30 17 25 16 30 100 11 21 24 27 25 25 100 21 25 25 
121 15 15 100 10 13 14 16 13 25 21 24 21 21 100 21 25 17 21 21 15 24 21 13 24 17 25 21 27 17 24 14 25 100 16 21 21 24 25 21 21 24 
116 16 16 27 1 0 8 24 24 18 15 14 16 15 27 15 17 11 15 15 16 14 15 7 11 13 19 15 27 13 14 30 17 27 24 16 16 14 18 15 16 14 27 
121 25 25 24 6 10 13 13 27 11 21 17 21 21 24 21 10 18 21 21 25 17 21 14 100 24 15 21 13 24 17 12 10 24 13 21 21 17 11 21 21 17 24 11 
200 11 11 21 17 23 9 8 15 12 30 25 100 30 21 30 17 10 30 30 11 25 30 14 21 25 13 30 17 25 25 39 17 21 8 100 100 25 12 30 100 25 21 16 21 
117 5 5 10 100 25 15 11 7 15 9 13 17 9 10 9 17 9 9 9 5 13 9 9 6 11 16 9 17 11 13 11 17 10 11 17 17 13 15 9 17 13 10 1 6 17 
117 21 21 25 17 11 14 15 9 30 21 21 17 21 25 21 100 11 21 21 21 21 21 7 10 8 25 21 19 8 21 6 100 25 15 17 17 21 30 21 17 21 25 17 10 17 17 
109 10 10 14 15 24 100 1 0 14 14 18 9 14 14 14 14 8 14 14 10 18 14 16 13 10 11 14 14 10 18 5 14 14 1 9 9 18 14 14 9 18 14 8 13 9 15 14 
114 13 13 13 9 13 16 9 14 7 9 10 14 9 13 9 7 24 9 9 13 10 9 100 14 18 11 9 0 18 10 21 7 13 9 14 14 10 7 9 14 10 13 7 14 14 9 7 16 
125 14 14 17 11 7 10 9 16 7 25 30 25 25 17 25 8 17 25 25 14 30 25 18 24 100 21 25 10 100 30 14 8 17 9 25 25 30 7 25 25 30 17 13 24 25 11 8 10 18 
111 7 7 17 27 18 16 13 6 21 10 24 11 10 17 10 21 10 10 10 7 24 10 7 7 17 8 10 13 17 24 7 21 17 13 11 11 24 21 10 11 24 17 10 7 11 27 21 16 7 17 
125 14 14 17 11 7 10 9 16 7 25 30 25 25 17 25 8 17 25 25 14 30 25 18 24 100 21 25 10 100 30 14 8 17 9 25 25 30 7 25 25 30 17 13 24 25 11 8 10 18 100 17 
115 21 21 8 5 8 17 11 14 7 15 24 15 15 8 15 7 14 15 15 21 24 15 1 24 24 11 15 9 24 24 7 7 8 11 15 15 24 7 15 15 24 8 5 24 15 5 7 17 1 24 24 24 
121 25 25 24 6 10 13 13 27 11 21 17 21 21 24 21 10 18 21 21 25 17 21 14 100 24 15 21 13 24 17 12 10 24 13 21 21 17 11 21 21 17 24 11 100 21 6 10 13 14 24 7 24 24 
111 14 14 9 4 12 11 8 25 11 10 16 11 10 9 10 10 30 10 10 14 16 10 11 17 15 13 10 5 15 16 15 10 9 8 11 11 16 11 10 11 16 9 10 17 11 4 10 11 11 15 14 15 39 17 
127 14 14 17 2 14 18 25 21 11 14 18 27 14 17 14 10 17 14 14 14 18 14 30 15 19 11 14 2 19 18 17 10 17 25 27 27 18 11 14 27 18 17 21 15 27 2 10 18 30 19 17 19 16 15 21 
