
121 
121 100 
130 12 12 
125 22 22 40 
145 24 24 21 39 
120 40 40 21 12 0 
120 17 17 23 0 10 16 
113 46 46 23 11 16 9 43 
118 0 0 39 13 40 20 43 25 
100 26 26 28 12 22 20 21 43 43 
139 28 28 26 23 25 46 39 40 30 26 
200 21 21 30 25 45 20 20 13 18 0 39 
100 26 26 28 12 22 20 21 43 43 100 26 0 
130 12 12 100 40 21 21 23 23 39 28 26 30 28 
100 26 26 28 12 22 20 21 43 43 100 26 0 100 28 
143 28 28 26 43 31 10 13 12 0 13 28 43 13 26 13 
140 20 20 25 16 14 17 24 39 45 31 21 40 31 25 31 22 
100 26 26 28 12 22 20 21 43 43 100 26 0 100 28 100 13 31 
100 26 26 28 12 22 20 21 43 43 100 26 0 100 28 100 13 31 100 
121 100 100 12 22 24 40 17 46 0 26 28 21 26 12 26 28 20 26 26 
139 28 28 26 23 25 46 39 40 30 26 100 39 26 26 26 28 21 26 26 28 
100 26 26 28 12 22 20 21 43 43 100 26 0 100 28 100 13 31 100 100 26 26 
120 4 4 21 15 21 0 11 23 13 20 19 20 20 21 20 24 26 20 20 4 19 20 
128 39 39 0 24 19 21 20 39 20 30 43 28 30 0 30 25 46 30 30 39 43 30 21 
126 23 23 43 22 17 19 23 23 24 39 0 26 39 43 39 26 43 39 39 23 0 39 46 26 
125 26 26 26 16 24 13 15 20 0 26 15 25 26 26 26 26 16 26 26 26 15 26 31 24 30 
100 26 26 28 12 22 20 21 43 43 100 26 0 100 28 100 13 31 100 100 26 26 100 20 30 39 26 
143 39 39 39 43 24 23 12 0 20 13 23 43 13 39 13 21 10 13 13 39 23 13 9 23 40 14 13 
126 23 23 43 22 17 19 23 23 24 39 0 26 39 43 39 26 43 39 39 23 0 39 46 26 100 30 39 40 
139 28 28 26 23 25 46 39 40 30 26 100 39 26 26 26 28 21 26 26 28 100 26 19 43 0 15 26 23 0 
141 14 14 20 14 43 5 9 26 19 21 13 41 21 20 21 18 24 21 21 14 13 21 30 14 20 46 21 0 20 13 
143 28 28 26 43 31 10 13 12 0 13 28 43 13 26 13 100 22 13 13 28 28 13 24 25 26 26 13 21 26 28 18 
130 12 12 100 40 21 21 23 23 39 28 26 30 28 100 28 26 25 28 28 12 26 28 21 0 43 26 28 39 43 26 20 26 
120 17 17 23 0 10 16 100 43 43 21 39 20 21 23 21 13 24 21 21 17 39 21 11 20 23 15 21 12 23 39 9 13 23 
200 21 21 30 25 45 20 20 13 18 0 39 100 0 30 0 43 40 0 0 21 39 0 20 28 26 25 0 43 26 39 41 43 30 20 
200 21 21 30 25 45 20 20 13 18 0 39 100 0 30 0 43 40 0 0 21 39 0 20 28 26 25 0 43 26 39 41 43 30 20 100 
139 28 28 26 23 25 46 39 40 30 26 100 39 26 26 26 28 21 26 26 28 100 26 19 43 0 15 26 23 0 100 13 28 26 39 39 39 
118 0 0 39 13 40 20 43 25 100 43 30 18 43 39 43 0 45 43 43 0 30 43 13 20 24 0 43 20 24 30 19 0 39 43 18 18 30 
100 26 26 28 12 22 20 21 43 43 100 26 0 100 28 100 13 31 100 100 26 26 100 20 30 39 26 100 13 39 26 21 13 28 21 0 0 26 43 
200 21 21 30 25 45 20 20 13 18 0 39 100 0 30 0 43 40 0 0 21 39 0 20 28 26 25 0 43 26 39 41 43 30 20 100 100 39 18 0 
139 28 28 26 23 25 46 39 40 30 26 100 39 26 26 26 28 21 26 26 28 100 26 19 43 0 15 26 23 0 100 13 28 26 39 39 39 100 30 26 39 
130 12 12 100 40 21 21 23 23 39 28 26 30 28 100 28 26 25 28 28 12 26 28 21 0 43 26 28 39 43 26 20 26 100 23 30 30 26 39 28 30 26 
112 12 12 39 16 9 23 26 0 46 17 20 12 17 39 17 14 20 17 17 12 20 17 24 18 20 21 17 39 20 20 0 14 39 26 12 12 20 46 17 12 20 39 
128 39 39 0 24 19 21 20 39 20 30 43 28 30 0 30 25 46 30 30 39 43 30 21 100 26 24 30 23 26 43 14 25 0 20 28 28 43 20 30 28 43 0 18 
200 21 21 30 25 45 20 20 13 18 0 39 100 0 30 0 43 40 0 0 21 39 0 20 28 26 25 0 43 26 39 41 43 30 20 100 100 39 18 0 100 39 30 12 28 
125 22 22 40 100 39 12 0 11 13 12 23 25 12 40 12 43 16 12 12 22 23 12 15 24 22 16 12 43 22 23 14 43 40 0 25 25 23 13 12 25 23 40 16 24 25 
143 28 28 26 43 31 10 13 12 0 13 28 43 13 26 13 100 22 13 13 28 28 13 24 25 26 26 13 21 26 28 18 100 26 13 43 43 28 0 13 43 28 26 14 25 43 43 
120 40 40 21 12 0 100 16 9 20 20 46 20 20 21 20 10 17 20 20 40 46 20 0 21 19 13 20 23 19 46 5 10 21 16 20 20 46 20 20 20 46 21 23 21 20 12 10 
120 4 4 21 15 21 0 11 23 13 20 19 20 20 21 20 24 26 20 20 4 19 20 100 21 46 31 20 9 46 19 30 24 21 11 20 20 19 13 20 20 19 21 24 21 20 15 24 0 
126 23 23 43 22 17 19 23 23 24 39 0 26 39 43 39 26 43 39 39 23 0 39 46 26 100 30 39 40 100 0 20 26 43 23 26 26 0 24 39 26 0 43 20 26 26 22 26 19 46 
120 13 13 43 39 46 12 23 24 28 25 0 20 25 43 25 30 19 25 25 13 0 25 17 5 43 26 25 20 43 0 24 30 43 23 20 20 0 28 25 20 0 43 40 5 20 39 30 12 17 43 
126 23 23 43 22 17 19 23 23 24 39 0 26 39 43 39 26 43 39 39 23 0 39 46 26 100 30 39 40 100 0 20 26 43 23 26 26 0 24 39 26 0 43 20 26 26 22 26 19 46 100 43 
112 30 30 7 12 9 25 18 20 10 24 0 12 24 7 24 13 21 24 24 30 0 24 14 26 26 12 24 9 26 0 8 13 7 18 12 12 0 10 24 12 0 7 5 26 12 12 13 25 14 26 0 26 
128 39 39 0 24 19 21 20 39 20 30 43 28 30 0 30 25 46 30 30 39 43 30 21 100 26 24 30 23 26 43 14 25 0 20 28 28 43 20 30 28 43 0 18 100 28 24 25 21 21 26 5 26 26 
113 20 20 12 9 16 14 26 26 22 40 16 13 40 12 40 0 0 40 40 20 16 40 21 14 13 23 40 12 13 16 12 0 12 26 13 13 16 22 40 13 16 12 25 14 13 9 0 14 21 13 1 13 41 14 
139 10 10 43 10 0 46 39 28 31 27 46 39 27 43 27 40 43 27 27 10 46 27 0 17 21 15 27 10 21 46 15 40 43 39 39 39 46 31 27 39 46 43 30 17 39 10 40 46 0 21 25 21 12 17 13 
