
106 
111 0 
106 6 0 
113 9 8 0 
100 38 5 0 6 
100 24 0 8 6 33 
109 0 2 2 4 0 4 
106 100 0 6 9 38 24 0 
100 14 2 0 14 5 9 4 14 
103 0 0 0 0 12 3 1 0 7 
106 18 0 2 0 7 0 19 18 1 0 
108 0 0 4 0 10 10 0 0 0 4 3 
100 0 0 11 0 6 3 7 0 9 27 1 0 
100 10 0 0 19 4 0 0 10 6 0 0 0 0 
109 6 0 3 6 0 0 0 6 0 0 0 14 2 9 
106 0 0 20 0 10 10 6 0 0 11 12 15 25 1 2 
100 3 0 0 3 0 6 6 3 3 0 0 1 0 0 4 0 
101 24 0 11 6 11 0 0 24 0 8 10 6 0 6 9 7 22 
110 0 0 0 0 9 9 6 0 0 12 18 26 0 0 6 5 0 2 
105 18 18 0 3 14 11 12 18 9 6 22 0 0 0 8 0 3 0 0 
100 6 10 11 2 14 10 0 6 0 10 5 0 4 7 0 14 0 0 0 6 
104 0 10 0 8 0 0 0 0 0 2 0 7 0 8 5 0 3 2 2 10 0 
108 0 0 0 0 3 6 0 0 0 4 11 0 0 0 12 0 14 3 0 0 0 5 
100 5 9 0 4 18 18 8 5 38 0 0 10 0 3 3 14 0 0 1 3 2 6 0 
105 0 0 8 0 0 0 0 0 0 14 0 0 7 0 0 0 1 0 5 0 0 0 4 1 
120 0 0 0 0 0 0 6 0 0 0 0 8 5 0 13 0 17 3 0 0 1 27 25 6 0 
100 5 2 7 5 0 0 0 5 8 10 0 0 8 12 0 0 4 11 0 0 0 0 0 0 2 0 
100 0 0 0 10 0 3 0 0 0 3 2 6 3 6 11 4 19 5 6 0 0 6 0 0 0 7 0 
110 0 5 0 0 0 0 8 0 5 0 0 0 4 9 0 0 10 0 0 5 0 0 0 8 3 0 14 0 
106 6 0 17 0 0 0 0 6 0 0 0 11 2 0 8 14 18 15 11 0 3 0 0 4 0 0 7 0 10 
100 0 12 8 0 6 0 2 0 0 6 5 1 6 3 14 0 5 2 0 0 0 19 23 3 0 12 0 11 0 0 
106 0 0 3 0 10 0 6 0 0 8 11 38 0 11 6 9 8 10 8 6 17 2 6 0 0 1 10 0 0 17 5 
102 3 0 11 14 10 0 0 3 4 6 0 0 19 12 6 10 11 8 0 3 4 0 0 0 0 0 12 0 9 9 6 8 
100 14 7 0 6 1 1 1 14 0 0 14 5 0 22 9 5 2 6 6 8 2 0 8 17 0 2 0 0 0 13 3 0 0 
109 0 0 10 6 4 0 9 0 0 0 12 0 0 4 0 6 9 7 0 0 0 0 21 0 0 9 0 15 0 0 1 17 0 8 
109 0 0 3 0 4 0 0 0 0 25 5 17 11 4 9 15 0 7 2 0 3 2 5 0 0 11 20 4 0 9 5 24 0 0 4 
110 5 8 0 10 22 18 0 5 19 0 0 10 8 14 3 10 0 0 11 0 2 0 0 46 6 0 8 0 0 0 3 4 0 17 4 4 
106 19 7 6 8 27 19 22 19 22 6 11 0 7 2 0 0 0 3 0 17 0 0 3 20 0 0 0 8 10 6 6 0 10 7 8 0 12 
100 3 0 7 0 2 0 9 3 0 1 7 10 0 0 0 0 0 7 7 0 0 0 0 8 0 10 10 0 8 7 0 10 0 0 0 0 0 15 
100 5 8 0 10 5 5 1 5 12 9 0 0 0 0 0 4 0 0 0 3 0 0 0 19 4 0 12 0 8 4 0 10 2 0 0 10 5 5 1 
108 0 0 4 7 6 3 0 0 6 9 0 20 26 1 10 7 2 5 0 0 3 2 0 0 0 15 0 3 4 2 6 8 6 0 5 9 0 6 0 0 
108 0 0 9 10 10 0 0 0 0 31 5 17 5 11 8 14 0 2 4 6 17 8 6 0 0 9 10 20 0 3 5 39 0 0 5 51 4 0 0 0 8 
111 6 12 10 5 0 9 0 6 12 11 0 0 3 2 0 0 24 0 0 5 0 0 6 10 0 0 1 3 18 16 0 0 2 4 0 0 0 16 0 8 3 0 
100 12 0 0 17 19 12 0 12 5 8 0 0 0 10 0 0 0 0 0 7 0 6 0 11 5 6 1 16 1 0 0 4 0 0 4 4 9 12 2 19 7 14 9 
109 6 10 0 9 14 4 27 6 0 6 6 1 0 0 0 14 0 0 0 8 36 9 0 2 0 0 0 0 0 0 0 12 4 0 9 0 2 0 0 0 7 6 0 7 
100 0 0 0 7 0 9 0 0 6 9 0 0 14 1 12 21 6 7 0 0 11 0 6 0 0 5 0 5 4 25 0 0 0 8 0 1 0 0 0 0 39 0 9 7 15 
105 12 11 0 0 12 12 1 12 16 1 0 0 8 14 0 4 0 0 0 7 10 6 0 15 0 6 18 0 8 4 0 10 0 0 0 10 14 12 1 22 0 0 0 27 10 0 
106 0 0 3 0 4 0 14 0 1 2 12 8 1 4 20 9 4 2 17 0 3 2 5 8 0 0 0 0 8 9 9 26 0 0 10 14 4 9 13 0 0 14 0 4 6 10 0 
100 0 0 0 0 6 0 0 0 0 6 8 0 6 3 14 0 21 15 0 0 0 12 12 3 1 12 0 2 0 11 27 9 14 9 7 0 3 6 0 0 6 1 8 0 0 0 0 4 
100 3 0 0 3 0 6 0 3 3 2 0 2 5 0 5 0 31 10 2 3 0 38 17 0 1 24 0 15 0 8 12 10 11 4 7 2 0 0 0 0 5 8 6 0 8 15 0 2 33 
110 19 0 0 13 12 12 8 19 23 0 1 0 1 4 0 0 0 6 10 7 0 6 0 19 0 6 3 0 10 0 0 0 0 0 0 0 25 33 11 5 0 0 9 27 0 0 27 9 0 0 
100 0 8 0 18 5 2 7 0 8 10 0 0 8 5 7 0 4 4 0 0 2 0 0 2 2 0 51 10 0 0 0 0 5 0 0 10 10 0 0 3 0 20 0 13 9 0 8 0 0 0 0 
100 0 10 0 0 9 9 10 0 10 0 14 9 0 0 0 0 0 0 31 14 3 10 5 11 0 0 0 8 0 0 5 5 0 3 0 11 1 0 5 0 0 5 10 0 4 0 0 24 2 0 0 0 
109 0 0 0 0 14 10 31 0 0 1 17 10 15 4 0 24 2 0 10 0 6 0 8 18 0 2 0 0 8 0 0 10 0 8 26 4 14 8 9 1 0 4 0 4 9 0 1 38 6 0 8 0 14 
100 0 6 5 4 4 0 9 0 0 8 0 0 7 0 0 0 0 0 0 6 4 6 0 14 7 6 0 8 8 0 0 0 4 4 8 0 0 20 9 17 10 0 0 6 1 0 7 8 4 0 14 0 5 9 
109 4 0 8 10 0 8 9 4 0 4 6 4 0 0 0 6 6 9 2 0 8 9 0 6 11 0 0 15 0 0 0 12 0 6 27 8 6 0 0 0 5 12 0 10 9 0 0 8 1 7 4 10 6 9 0 
