
112 
115 23 
117 9 16 
116 8 8 18 
111 21 12 21 22 
119 17 15 15 12 21 
115 13 13 20 22 14 25 
114 10 14 16 7 7 9 26 
119 18 13 22 23 41 16 23 10 
118 14 14 19 14 10 14 17 17 19 
123 9 21 15 13 12 26 31 17 22 19 
118 5 6 6 12 11 4 19 11 9 16 18 
118 14 14 19 14 10 14 17 17 19 100 19 16 
112 12 10 14 17 9 15 14 13 12 18 15 9 18 
109 13 21 11 13 18 12 17 15 19 17 25 20 17 20 
123 14 6 13 29 15 14 34 9 20 19 17 19 19 9 13 
115 17 16 12 11 9 16 19 8 11 13 23 17 13 16 17 12 
118 11 13 17 23 14 19 14 13 25 22 14 18 22 22 24 12 16 
116 8 12 9 7 7 10 10 11 26 25 21 16 25 13 12 11 11 22 
110 13 6 10 7 8 12 11 26 7 13 14 9 13 0 10 12 3 13 19 
119 1 15 46 12 27 22 16 8 31 13 18 4 13 16 14 11 15 17 10 12 
117 20 17 17 9 19 12 16 8 23 21 22 15 21 30 36 12 20 17 20 10 13 
126 6 16 24 22 6 14 17 17 21 17 14 6 17 16 18 18 7 16 8 10 21 18 
116 12 8 10 7 4 9 14 45 3 11 12 10 11 16 14 9 12 15 10 20 6 17 12 
112 13 15 14 0 14 6 6 15 19 22 21 11 22 22 11 9 14 26 13 12 21 22 17 8 
109 18 17 11 7 10 8 10 9 14 19 12 15 19 14 21 11 12 21 20 17 8 27 8 12 18 
141 23 19 11 3 16 10 5 8 21 13 25 16 13 14 30 13 27 22 22 11 16 35 16 7 23 20 
129 14 19 23 23 17 17 23 13 26 31 19 15 31 17 16 21 17 26 14 17 29 18 28 14 24 13 23 
115 18 10 9 7 9 9 16 11 15 11 17 15 11 10 6 6 23 17 15 5 15 16 10 6 21 14 20 19 
125 24 14 8 18 23 24 14 7 27 28 15 8 28 27 24 10 19 30 20 11 14 14 16 11 20 18 19 23 15 
116 10 10 9 9 8 14 13 15 20 10 14 11 10 12 7 11 9 21 19 12 9 17 8 24 20 9 10 17 14 23 
126 9 0 21 32 21 17 39 14 23 13 24 16 13 11 21 46 11 17 9 13 15 19 22 5 12 9 14 22 14 15 8 
129 8 17 9 32 19 16 17 12 30 15 14 6 15 17 22 23 17 24 13 9 27 13 33 11 20 7 23 48 17 42 15 26 
114 24 13 12 16 12 25 20 10 14 21 20 15 21 12 13 17 21 22 13 11 14 12 12 6 27 5 19 20 24 20 19 16 13 
120 21 14 8 22 10 17 15 10 6 35 16 8 35 16 9 18 22 13 15 10 7 14 14 14 16 9 19 18 15 26 9 20 21 29 
124 17 10 16 25 18 16 30 9 21 20 15 18 20 15 12 80 10 10 12 10 12 14 19 12 11 11 14 25 10 12 11 34 26 22 22 
123 11 8 14 16 14 17 28 14 20 15 15 19 15 13 20 17 0 45 16 15 15 14 21 11 18 12 21 24 19 21 13 24 25 18 14 22 
116 20 14 20 20 80 20 14 7 54 14 14 7 14 0 19 14 10 19 13 11 31 20 11 3 13 12 19 25 11 25 12 18 23 12 9 15 16 
118 15 9 12 13 17 11 14 11 23 20 20 9 20 33 24 10 23 24 16 9 18 73 14 19 30 20 33 18 19 17 16 16 17 18 19 11 20 18 
143 13 19 17 17 17 26 26 11 25 17 31 14 17 19 26 20 34 26 14 11 15 28 19 12 16 15 37 27 14 30 25 21 20 31 24 22 9 19 32 
107 21 18 11 8 14 25 28 17 17 16 30 12 16 18 23 18 18 26 21 11 9 23 21 11 13 21 14 13 16 29 16 17 15 25 17 15 24 16 26 26 
120 18 13 20 17 40 17 23 11 80 15 21 8 15 12 17 20 10 21 17 6 32 19 20 6 21 14 23 25 14 35 16 21 31 13 7 20 19 41 19 23 20 
127 19 13 25 16 31 9 12 8 32 13 8 5 13 14 19 7 7 16 11 10 53 16 23 7 15 10 28 27 11 23 10 16 27 9 10 8 17 32 21 12 15 28 
124 17 19 23 16 17 15 14 9 20 23 15 20 23 14 18 18 14 26 22 13 14 10 20 13 18 11 14 39 24 37 23 18 35 16 18 18 23 17 11 20 15 22 7 
121 11 12 13 17 22 12 24 18 8 13 16 19 13 16 20 19 13 17 9 4 18 17 16 10 15 11 18 13 27 19 13 27 27 16 20 23 27 15 18 18 30 12 15 20 
119 13 11 14 48 16 12 20 6 13 18 22 11 18 7 16 32 17 22 17 6 2 10 16 9 5 13 16 15 17 10 9 32 21 11 31 27 18 12 9 17 16 9 8 15 22 
122 11 13 16 34 15 11 18 6 15 25 23 13 25 6 17 26 17 17 17 6 10 13 18 8 10 13 18 24 19 15 8 28 30 16 26 32 15 16 11 18 21 13 6 13 24 80 
113 25 18 19 11 11 21 28 8 17 24 19 16 24 11 12 26 18 15 19 20 14 10 8 10 9 7 12 21 10 10 9 17 11 19 8 24 7 9 9 15 15 17 9 18 4 14 13 
121 19 3 8 15 13 14 14 9 22 17 21 22 17 20 18 15 18 21 14 12 10 18 9 12 31 12 25 20 16 21 19 17 14 20 24 16 27 14 19 22 20 19 10 19 11 14 17 9 
119 12 20 19 12 12 12 15 11 12 26 18 25 26 20 20 14 14 17 13 15 15 13 18 21 30 19 20 32 11 25 16 15 24 16 19 16 15 9 20 23 9 13 15 39 10 12 16 20 34 
112 16 11 14 22 67 14 20 5 56 9 13 12 9 18 18 17 7 14 15 5 27 17 11 5 19 12 13 13 10 27 16 22 21 11 14 19 17 54 21 23 15 55 28 19 16 15 14 13 16 20 
113 20 7 13 11 20 20 18 9 22 18 18 17 18 16 23 15 13 24 21 13 16 28 15 10 25 14 33 34 28 28 24 28 27 20 27 22 23 20 32 25 24 28 15 48 24 6 10 11 31 25 18 
120 19 24 2 10 8 15 16 11 11 12 12 12 12 9 16 14 20 9 11 18 11 16 11 4 16 24 19 10 14 14 7 16 18 7 9 13 12 7 17 14 12 12 12 10 12 9 9 19 15 21 9 15 
116 16 15 19 9 12 16 12 11 19 53 10 20 53 10 10 14 11 18 19 13 13 14 9 11 13 11 24 18 12 23 11 11 8 19 19 13 17 14 11 19 11 21 12 18 14 8 8 24 16 20 13 21 22 
115 5 9 9 11 8 31 12 12 13 23 18 13 23 16 17 9 15 26 31 19 13 22 12 8 20 20 16 11 9 21 13 12 17 16 19 9 18 11 23 19 17 11 8 20 13 12 14 13 17 14 10 21 11 17 
121 8 10 10 25 20 24 9 6 20 19 11 10 19 20 8 21 6 12 9 11 20 14 23 10 13 11 6 43 8 17 8 19 28 15 22 21 15 23 14 22 11 21 12 15 12 20 23 16 12 16 22 9 13 21 8 
