
107 
107 15 
106 2 3 
114 7 7 14 
110 11 9 11 12 
108 13 9 10 7 9 
115 9 7 12 16 13 12 
106 5 5 9 10 11 8 20 
113 9 6 13 25 29 16 17 6 
117 9 7 17 9 13 7 15 16 16 
115 14 15 6 21 10 14 20 16 11 10 
108 10 8 5 11 7 11 9 3 11 6 15 
117 9 7 17 9 13 7 15 16 16 100 10 6 
106 5 9 12 15 17 8 9 9 11 12 10 10 12 
108 9 12 11 13 5 5 8 4 5 9 19 10 9 9 
107 4 2 9 18 7 7 20 10 15 9 6 10 9 12 9 
108 11 12 5 9 3 8 6 5 7 9 11 7 9 8 10 5 
115 7 4 9 14 9 13 23 12 21 15 13 12 15 15 15 11 11 
115 9 11 5 9 9 11 11 9 23 20 18 13 20 7 9 15 11 18 
108 7 8 9 8 11 12 11 21 7 10 17 10 10 17 5 9 8 11 8 
106 15 6 17 7 15 5 8 7 20 18 8 7 18 10 6 9 5 6 9 6 
108 10 7 5 11 11 8 14 10 16 9 14 10 9 15 26 12 11 23 11 8 6 
112 9 6 9 10 5 11 5 8 11 13 9 9 13 8 10 11 11 12 14 9 17 10 
109 4 5 10 7 6 8 7 28 13 11 5 7 11 6 8 8 6 6 10 13 13 8 11 
112 7 4 9 21 9 8 5 7 11 10 14 12 10 16 11 11 12 15 8 3 14 11 17 6 
111 7 2 3 5 8 8 7 4 6 8 7 11 8 7 17 9 4 8 7 6 7 10 7 9 14 
121 9 10 9 18 12 11 8 1 17 12 14 13 12 5 18 10 16 14 15 5 6 21 14 10 21 13 
109 3 8 19 13 7 9 18 7 16 17 8 4 17 16 9 18 9 22 14 7 20 15 20 10 18 8 10 
108 9 3 7 3 11 4 8 4 9 5 9 6 5 6 9 5 13 10 6 4 5 16 12 7 8 9 11 5 
117 10 13 7 19 12 13 12 11 17 14 14 8 14 16 15 6 11 20 11 13 9 15 9 8 13 8 10 10 6 
112 4 7 6 7 6 5 9 2 10 6 9 7 6 8 11 13 10 11 10 6 9 9 8 17 19 8 11 13 10 8 
117 1 14 5 18 16 14 33 16 16 16 22 7 16 14 17 17 10 17 12 13 10 16 15 5 6 6 13 13 16 15 8 
108 8 6 22 21 12 11 10 9 20 14 13 8 14 5 16 17 12 15 11 3 14 20 17 9 16 14 15 30 10 22 9 12 
109 17 9 7 18 11 10 15 9 10 10 17 6 10 10 19 14 12 13 14 9 7 22 7 7 11 7 16 11 9 13 9 16 14 
113 14 13 13 20 8 3 9 7 10 22 19 6 22 14 9 10 18 11 14 6 12 6 10 10 9 5 10 16 8 12 10 16 15 10 
109 5 3 11 17 10 7 18 8 16 12 11 13 12 6 7 54 5 21 16 10 5 10 12 8 14 10 16 18 6 10 9 12 16 8 12 
116 8 5 8 16 7 10 26 14 12 16 16 14 16 9 18 19 14 35 21 11 9 16 10 14 7 7 6 12 3 13 10 22 12 12 13 18 
110 9 8 11 16 54 10 12 10 32 18 9 8 18 23 6 9 5 13 7 17 24 13 8 6 11 5 12 13 10 20 6 21 13 11 7 7 4 
112 9 6 7 20 9 12 14 9 15 12 16 9 12 21 20 13 12 21 14 9 10 42 6 5 12 13 16 19 6 18 9 15 17 11 12 12 12 10 
130 7 8 11 15 12 9 18 6 20 18 26 8 18 12 14 8 17 22 16 4 9 17 14 8 13 11 19 5 12 16 11 21 13 15 12 16 26 8 26 
116 10 15 3 15 12 12 15 18 13 14 27 7 14 10 15 11 8 14 17 12 11 16 9 9 10 15 20 7 9 22 10 26 11 16 7 10 9 12 24 22 
116 6 7 7 23 19 9 14 7 54 14 10 9 14 14 6 12 11 19 14 10 20 17 5 10 16 7 9 16 15 27 9 11 17 13 12 15 14 29 16 19 14 
117 9 7 11 10 15 11 10 9 28 14 7 7 14 10 8 9 4 12 11 7 33 12 14 10 13 9 16 9 5 8 13 7 10 7 6 12 9 19 10 11 11 16 
115 14 6 12 10 11 13 15 4 15 11 16 7 11 5 13 9 16 12 10 2 16 8 16 12 16 10 13 20 12 11 11 10 28 12 16 13 8 6 6 12 6 15 9 
116 7 16 18 5 11 10 11 7 16 7 12 13 7 5 18 8 13 16 10 4 10 9 8 8 9 7 20 13 12 6 7 11 20 17 17 15 10 9 8 13 11 14 10 18 
112 6 8 10 18 9 13 10 8 11 8 14 16 8 4 10 14 3 11 18 8 3 10 8 6 13 11 16 14 11 4 12 13 15 17 13 17 13 6 3 12 8 9 9 10 20 
110 7 8 8 11 5 11 10 6 15 15 7 15 15 10 9 13 9 8 16 8 5 15 13 9 13 3 15 17 13 12 14 13 13 10 14 14 14 9 7 7 8 11 8 12 16 54 
111 12 7 14 14 13 14 20 15 13 19 11 12 19 10 11 12 9 15 13 16 17 6 12 14 7 11 5 11 2 10 5 11 8 7 10 10 17 15 12 14 10 7 9 9 14 7 4 
114 10 8 8 9 7 8 6 6 13 12 19 11 12 12 9 18 13 10 8 5 8 12 16 6 15 11 19 11 9 12 9 7 12 11 14 16 11 6 17 15 6 9 9 19 14 11 13 5 
112 8 5 9 11 5 8 12 6 13 15 12 11 15 6 10 15 7 13 9 7 12 17 21 10 24 18 15 18 7 14 11 11 23 13 9 14 14 9 10 11 9 8 9 24 8 12 13 9 18 
109 10 7 8 16 47 13 13 11 31 11 11 4 11 13 12 14 4 9 4 12 17 12 10 9 11 10 17 7 11 17 11 20 11 14 7 15 10 26 13 15 16 18 26 12 8 14 12 14 12 8 
115 12 4 7 18 14 6 10 6 16 15 15 9 15 11 14 7 16 12 12 5 13 24 13 6 21 5 18 20 12 16 12 13 21 13 16 12 12 15 14 18 10 22 10 35 13 12 15 7 19 19 13 
117 9 17 10 11 6 9 15 6 8 6 20 10 6 9 17 8 7 15 10 5 13 11 9 7 9 9 14 10 5 12 3 12 14 13 12 6 8 5 10 14 14 11 8 16 12 10 8 16 7 9 10 11 
107 13 10 15 8 10 6 10 6 14 33 6 7 33 9 10 5 14 9 18 9 14 5 7 7 8 4 10 11 8 12 5 4 6 9 13 12 11 9 10 15 4 12 9 15 10 10 7 16 11 7 9 12 9 
118 9 12 13 7 6 14 10 15 7 11 13 15 11 6 20 10 7 25 24 9 7 15 11 9 13 8 12 11 8 9 9 10 12 10 5 13 15 9 19 12 18 10 8 16 16 10 10 14 13 9 7 11 16 12 
111 12 11 12 16 19 8 14 11 16 20 10 4 20 13 9 13 8 12 7 8 14 19 11 7 6 7 12 16 5 19 6 15 17 9 19 14 10 17 6 10 12 17 13 7 6 15 14 14 8 11 19 12 8 15 9 
