
101 
103 7 
105 3 3 
108 3 2 3 
103 10 4 2 7 
104 8 6 4 9 7 
103 1 0 3 1 9 5 
105 13 2 6 3 16 26 9 
103 2 0 1 12 14 8 7 12 
102 1 1 1 6 8 6 8 1 0 
105 3 5 3 4 2 6 4 2 5 1 
103 0 3 6 0 2 6 4 1 0 6 4 
103 2 0 5 4 11 1 6 0 2 23 2 12 
100 3 12 4 4 7 5 1 1 4 2 4 4 2 
101 1 1 2 2 2 1 4 3 1 12 0 8 9 2 
103 5 0 11 1 4 4 6 3 3 4 5 5 11 5 2 
104 1 2 2 1 0 1 5 5 1 4 3 7 3 0 5 1 
108 2 3 0 0 8 0 1 1 3 13 2 9 10 2 11 0 5 
103 4 3 2 0 3 3 5 2 0 13 9 0 7 4 4 8 4 4 
100 21 5 2 0 12 0 4 14 13 0 5 0 5 0 2 3 2 7 7 
101 0 2 7 10 4 0 9 3 3 3 3 2 3 5 4 3 2 1 4 5 
109 1 1 5 3 2 4 1 0 3 0 5 3 7 2 11 2 10 13 5 3 6 
100 1 3 1 6 2 3 2 0 5 6 3 13 4 4 7 3 12 8 3 4 3 5 
102 9 3 1 6 5 5 4 3 4 2 3 0 3 6 2 2 4 1 0 8 6 2 6 
101 3 0 0 4 0 8 0 8 1 6 1 2 3 0 0 3 4 2 4 0 4 3 2 7 
103 7 2 6 4 3 2 4 3 8 3 4 4 1 4 13 4 3 8 3 6 0 7 7 0 0 
101 3 11 0 6 5 5 9 1 8 0 4 1 0 6 0 4 0 0 0 2 0 0 0 1 4 0 
101 2 0 3 2 6 0 1 2 2 4 6 5 5 0 5 1 12 11 0 3 3 6 9 2 7 9 0 
103 2 5 0 10 4 0 6 4 3 0 1 4 4 2 0 4 0 3 0 3 4 2 3 4 6 0 12 0 
103 0 0 9 0 4 0 1 1 0 10 5 9 15 0 10 8 4 10 2 0 4 3 2 6 1 6 1 8 0 
101 3 2 12 5 5 0 3 3 3 4 1 6 0 0 9 7 6 3 1 5 0 5 2 0 3 11 0 10 2 2 
104 4 2 7 0 0 2 6 2 0 3 1 4 4 5 6 13 4 3 4 3 6 2 5 2 0 3 0 1 2 5 10 
105 4 1 3 2 4 5 0 8 2 0 0 0 1 11 1 3 4 0 6 4 2 6 3 7 10 2 4 2 8 3 2 1 
101 5 7 3 8 3 1 3 0 2 3 2 4 7 0 5 2 5 2 9 2 3 4 6 1 1 1 1 3 8 3 6 4 6 
103 3 0 6 3 5 3 2 1 3 3 3 14 0 2 6 0 4 7 5 3 3 4 18 1 1 7 0 18 0 5 10 6 0 3 
100 0 2 15 2 1 2 5 2 1 2 4 6 4 1 6 9 0 3 2 0 6 3 3 2 3 3 3 2 7 12 6 14 4 2 2 
101 7 7 1 3 17 6 11 5 14 3 3 1 3 1 1 1 2 0 2 0 2 0 4 13 2 2 7 0 8 0 1 0 2 8 3 1 
103 5 3 3 6 24 11 6 5 21 3 4 5 4 4 2 1 2 5 8 9 2 3 0 3 1 2 1 3 3 2 2 1 1 0 10 1 7 
102 5 13 2 0 0 3 2 3 3 2 1 4 0 11 1 0 0 0 1 2 1 1 2 3 8 0 7 3 4 1 0 2 5 0 4 4 7 1 
102 2 6 1 4 4 4 11 4 10 7 2 1 3 4 3 0 0 0 2 3 2 0 0 6 4 1 12 1 6 1 2 1 9 0 0 1 8 4 2 
103 3 1 0 3 2 2 2 1 0 3 0 5 10 0 12 8 2 9 2 4 4 7 2 1 0 10 5 3 0 9 1 13 2 2 2 10 2 2 2 0 
102 2 0 14 2 0 5 6 5 1 10 3 16 7 5 7 11 3 4 0 0 6 3 7 1 0 1 0 5 4 11 2 17 3 3 7 32 0 3 1 0 14 
101 5 3 7 7 8 5 6 8 6 1 0 3 3 3 2 2 3 7 3 3 3 2 3 7 5 0 0 1 1 3 0 3 4 2 2 4 5 13 1 13 0 2 
104 6 5 7 6 4 2 1 1 5 0 3 6 0 4 4 4 2 2 1 9 3 2 0 9 4 0 3 0 11 0 3 1 5 2 1 0 4 4 5 13 5 2 1 
107 6 4 5 5 2 8 7 11 8 2 2 3 3 4 2 2 0 1 1 8 7 0 0 4 6 6 0 3 0 0 0 3 6 2 2 1 2 2 2 0 1 1 7 6 
104 0 2 8 0 2 4 0 3 1 3 1 6 9 1 9 19 5 9 9 5 4 7 1 1 5 0 3 3 5 6 7 22 5 1 2 6 1 0 1 4 11 5 5 0 2 
101 2 2 1 15 4 2 5 1 11 0 3 1 4 4 3 2 3 2 0 0 2 1 4 13 13 2 15 4 8 1 4 2 0 8 0 0 14 8 3 16 1 1 6 10 2 2 
103 4 3 7 1 1 3 11 3 3 11 12 2 7 0 5 11 5 7 9 2 5 1 3 5 1 5 4 1 5 4 4 3 0 2 0 12 4 4 0 2 5 7 2 10 7 4 1 
102 4 1 0 0 6 3 4 4 3 4 3 5 6 0 8 2 6 8 0 1 5 5 8 3 0 13 0 18 0 25 8 4 2 2 4 6 2 1 1 0 3 5 3 1 0 0 0 0 
101 1 3 3 7 2 6 2 3 9 4 4 4 0 0 8 8 7 7 6 7 4 5 15 3 3 11 1 7 2 9 8 6 1 3 8 9 1 6 1 1 8 8 4 1 2 4 3 7 11 
103 5 9 0 6 8 7 2 10 12 4 3 0 5 10 1 2 1 6 3 6 2 1 0 7 5 3 6 2 5 0 6 4 3 6 0 1 10 5 6 4 0 2 6 1 4 3 15 1 3 0 
101 3 2 1 6 7 3 0 3 0 0 4 0 1 8 0 4 0 0 4 7 1 1 0 9 5 4 18 0 8 0 1 0 10 2 0 4 3 5 3 9 2 2 0 5 6 0 4 3 0 1 3 
105 6 3 9 0 5 5 6 3 6 2 16 5 4 5 0 3 2 4 8 9 5 2 2 1 2 7 2 5 4 7 3 0 1 0 0 2 3 4 1 2 3 8 2 4 3 4 1 7 1 0 1 0 
100 5 4 0 0 2 4 7 5 2 3 9 13 3 4 2 13 14 0 8 4 2 2 3 0 4 5 2 5 3 3 0 0 3 3 7 2 0 5 6 1 1 4 0 4 1 3 2 8 1 4 2 3 13 
100 0 5 4 4 1 0 2 0 6 4 0 6 6 3 7 2 0 0 7 3 2 7 7 0 1 8 1 3 2 4 1 1 0 1 7 5 2 4 4 0 5 5 0 4 3 0 8 0 3 5 2 3 2 3 
104 2 0 1 0 2 2 2 2 0 5 8 4 5 0 8 10 5 8 3 2 1 4 6 2 0 2 0 10 4 17 10 3 2 7 7 13 1 1 0 0 10 9 0 2 0 0 0 12 3 12 1 0 7 6 4 
